2048 1802.430726 2.145567e-05
2080 1873.717861 2.147182e-05
2112 1848.843847 2.147325e-05
2144 1914.267361 2.147790e-05
2176 1907.727149 2.148107e-05
2208 1997.208196 2.148141e-05
2240 1978.708414 2.146764e-05
2272 2028.311976 2.150070e-05
2304 2052.811603 2.838634e-05
2336 2058.167738 2.839064e-05
2368 2099.691875 2.840012e-05
2400 2145.527611 2.841446e-05
2432 2128.950408 2.839800e-05
2464 2166.276765 2.841807e-05
2496 2237.305511 2.841271e-05
2528 2174.725910 2.841092e-05
2560 2264.759347 2.839667e-05
2592 2320.751635 2.836784e-05
2624 2296.218234 2.842172e-05
2656 2329.530955 2.833838e-05
2688 2382.875565 2.838575e-05
2720 2114.650375 2.840023e-05
2752 2426.040432 2.836788e-05
2784 2474.791511 2.840512e-05
2816 2523.390415 2.844164e-05
2848 1798.315264 2.840900e-05
2880 1678.248709 2.840041e-05
2912 1618.362318 2.841142e-05
2944 1834.089941 2.840537e-05
2976 1737.514648 2.841895e-05
3008 1866.527410 2.839098e-05
3040 1902.493222 2.844412e-05
3072 1902.649073 2.837044e-05
3104 1937.836646 2.842489e-05
3136 1952.786806 2.838329e-05
3168 1981.776924 2.838790e-05
3200 1995.279625 2.839139e-05
3232 2006.818362 2.846701e-05
3264 2047.716057 2.842896e-05
3296 2050.833253 2.837959e-05
3328 2085.193399 2.841309e-05
3360 2101.659910 2.841293e-05
3392 2117.066197 2.841180e-05
3424 2153.202877 2.843281e-05
3456 2189.458669 2.845829e-05
3488 2072.817156 2.841865e-05
3520 2196.472573 2.845504e-05
3552 2241.204746 2.842680e-05
3584 2238.379376 2.842255e-05
3616 2138.534279 2.847569e-05
3648 2276.355123 2.843483e-05
3680 2306.337071 2.842254e-05
3712 2330.366126 2.842740e-05
3744 2329.768833 2.840832e-05
3776 2255.848593 2.844481e-05
3808 2267.163912 2.843891e-05
3840 2263.670061 2.842490e-05
3872 2420.232933 2.845940e-05
3904 2100.004579 2.844968e-05
3936 2460.592144 2.843966e-05
3968 2491.571315 2.843421e-05
4000 2470.731328 2.844217e-05
4032 2516.478950 2.839757e-05
4064 2399.882366 2.844867e-05
4096 2563.883616 2.842589e-05
4128 2559.035557 2.845709e-05
4160 2455.171678 2.842588e-05
4192 2508.098261 2.838136e-05
4224 2623.800869 2.840358e-05
4256 2645.748177 2.843685e-05
4288 2653.459972 2.848499e-05
4320 2578.667382 2.841979e-05
4352 2689.482086 2.843242e-05
4384 2678.946279 2.839790e-05
4416 2719.124520 2.845731e-05
4448 2754.331457 2.839933e-05
4480 2756.105609 2.846515e-05
4512 2789.764219 2.846368e-05
4544 2715.395829 2.840677e-05
4576 2831.632012 2.846541e-05
4608 2832.618849 2.839972e-05
4640 2763.795023 2.838501e-05
4672 2888.060659 2.841760e-05
4704 2896.829119 2.838451e-05
4736 2934.496987 2.836968e-05
4768 2944.611758 2.843526e-05
4800 2844.939651 2.840765e-05
4832 2978.671364 2.844071e-05
4864 3016.725301 2.841693e-05
4896 3013.329251 2.842275e-05
4928 3052.261492 2.841418e-05
4960 3036.731801 2.841497e-05
4992 2936.654881 2.844167e-05
5024 2964.068564 2.845148e-05
5056 3113.598644 2.842590e-05
5088 3024.218290 2.840277e-05
5120 3028.850679 2.841374e-05
5152 2965.754128 2.843149e-05
5184 3068.524185 2.839276e-05
5216 3184.434516 2.839503e-05
5248 3064.123087 2.842246e-05
5280 3106.040663 2.841166e-05
5312 3147.770064 2.835406e-05
5344 3269.077238 2.841445e-05
5376 3180.480421 2.836287e-05
5408 3185.135737 2.837786e-05
5440 3324.650691 2.833314e-05
5472 3340.820141 2.835039e-05
5504 3348.263640 2.839187e-05
5536 3369.778162 2.839848e-05
5568 3384.505315 2.856377e-05
5600 3316.717786 2.850818e-05
5632 3441.511870 2.854518e-05
5664 2493.335956 2.852331e-05
5696 2495.210517 2.853395e-05
5728 2513.693428 2.855363e-05
5760 2527.180757 2.855137e-05
5792 2535.561751 2.854182e-05
5824 2441.537237 2.855946e-05
5856 2575.661064 2.849842e-05
5888 2638.474933 2.854176e-05
5920 2651.932449 2.844480e-05
5952 2587.786123 2.845430e-05
5984 2682.529708 2.850878e-05
6016 2657.741303 2.853139e-05
6048 2648.108229 2.855365e-05
6080 2724.558194 2.849603e-05
6112 2677.901475 2.853820e-05
6144 2679.187461 2.852536e-05
6176 2710.814518 2.848937e-05
6208 2767.778977 2.847326e-05
6240 2738.377491 2.852961e-05
6272 2758.589193 2.850551e-05
6304 2754.630300 2.847937e-05
6336 2769.873468 2.854486e-05
6368 2793.680507 2.846414e-05
6400 2807.932855 2.854386e-05
6432 2819.011070 2.850066e-05
6464 2831.561014 2.850312e-05
6496 2851.750045 2.852050e-05
6528 2861.297076 2.852268e-05
6560 2880.432115 2.854346e-05
6592 2888.333220 2.851043e-05
6624 2955.473376 2.851817e-05
6656 2907.999895 2.793645e-05
6688 2934.556689 2.796192e-05
6720 3001.590513 2.793932e-05
6752 2968.487111 2.793120e-05
6784 2975.372459 2.794303e-05
6816 3039.243528 2.797590e-05
6848 3019.009237 2.797772e-05
6880 3072.624325 2.796018e-05
6912 3035.856569 2.797856e-05
6944 3088.204411 2.791136e-05
6976 3058.710497 2.789652e-05
7008 2784.577783 2.793172e-05
7040 3105.842343 2.789469e-05
7072 3103.702496 2.792790e-05
7104 3120.665908 5.116107e-05
7136 3123.867511 4.948000e-05
7168 2968.221251 5.064213e-05
7200 3160.005983 5.012895e-05
7232 3170.318030 4.976872e-05
7264 3189.984079 5.034492e-05
7296 3207.719002 4.948628e-05
7328 3218.961401 5.101972e-05
7360 3244.936107 4.999211e-05
7392 3302.664565 4.961911e-05
7424 3253.891715 5.032986e-05
7456 3254.167976 5.022059e-05
7488 3090.136431 4.895391e-05
7520 3346.923020 5.037438e-05
7552 3312.133860 5.021143e-05
7584 3319.520412 5.026330e-05
7616 3321.285017 5.052543e-05
7648 3364.327871 5.037100e-05
7680 3418.988477 4.920187e-05
7712 3375.588573 4.912295e-05
7744 3390.777250 5.026722e-05
7776 3437.871233 4.936607e-05
7808 3408.295338 4.714782e-05
7840 3431.598173 4.749041e-05
7872 3482.130295 4.771409e-05
7904 3447.668679 4.740593e-05
7936 3455.821366 4.712008e-05
7968 3470.301714 4.875534e-05
8000 3434.705638 4.729920e-05
8032 3479.705263 4.694238e-05
8064 3518.916428 4.891748e-05
8096 3530.025320 4.821345e-05
8128 3543.809635 4.845817e-05
8160 3556.084002 4.820986e-05
8192 3394.410665 4.746775e-05
8224 3572.024700 4.905633e-05
8256 3581.375707 4.739473e-05
8288 3591.771172 4.937094e-05
8320 3535.422686 4.900271e-05
8352 3623.192843 4.719989e-05
8384 3674.755323 4.896474e-05
8416 3644.734770 4.788392e-05
8448 3668.119204 4.781515e-05
8480 2972.919113 4.915525e-05
8512 2946.363261 4.844070e-05
8544 2959.288507 4.940850e-05
8576 2986.159205 4.703985e-05
8608 2979.788579 4.804946e-05
8640 3012.537998 4.709260e-05
8672 3014.627825 4.914020e-05
8704 3031.605156 4.719499e-05
8736 3046.782127 4.895490e-05
8768 3053.049192 4.883541e-05
8800 3058.556172 4.776835e-05
8832 3072.272879 4.989752e-05
8864 3058.164082 4.739007e-05
8896 3099.422474 4.854997e-05
8928 3111.777147 4.703910e-05
8960 3120.532276 4.897049e-05
8992 3121.831046 4.745780e-05
9024 3141.309576 4.733775e-05
9056 3150.366530 4.775553e-05
9088 3138.216840 4.791007e-05
9120 2958.036749 4.848279e-05
9152 3179.507717 4.674785e-05
9184 3884.869573 4.957957e-05
9216 3212.093571 4.744139e-05
9248 3212.454466 4.738849e-05
9280 3232.683120 5.244933e-05
9312 3212.807143 5.163120e-05
9344 3243.264050 5.233081e-05
9376 3157.842931 5.282281e-05
9408 3285.494284 5.215051e-05
9440 3267.142934 5.195297e-05
9472 3300.352237 5.119215e-05
9504 3318.473209 5.277872e-05
9536 3015.834551 5.217394e-05
9568 3331.294250 5.192546e-05
9600 3341.016624 5.199449e-05
9632 3351.147142 5.374154e-05
9664 3371.291999 5.280193e-05
9696 3351.315597 5.285026e-05
9728 3224.601968 5.314148e-05
9760 3261.374910 5.244151e-05
9792 3383.790978 5.246651e-05
9824 3383.605751 5.335801e-05
9856 3424.621672 5.220018e-05
9888 2857.346064 5.348811e-05
9920 3441.538479 5.245004e-05
9952 3418.103663 5.189865e-05
9984 3212.554809 5.187254e-05
10016 3463.596190 5.170267e-05
10048 3151.424416 5.321920e-05
10080 3350.513460 5.301987e-05
10112 3449.387389 5.307792e-05
10144 3509.503727 5.194063e-05
10176 3149.530348 5.184307e-05
10208 3390.691753 5.277666e-05
10240 3534.532928 5.211880e-05
10272 3490.732292 5.263110e-05
10304 3553.661846 5.192963e-05
10336 3184.919869 5.238982e-05
10368 3522.974633 5.198008e-05
10400 3535.970282 5.213591e-05
10432 3584.665042 5.318863e-05
10464 3593.340508 5.226812e-05
10496 3616.403749 5.180363e-05
10528 3621.265421 5.279334e-05
10560 3561.265029 5.277932e-05
10592 3598.054223 5.319747e-05
10624 3648.331842 5.319122e-05
10656 3596.712109 5.269079e-05
10688 3622.028590 5.231624e-05
10720 3415.912029 5.151241e-05
10752 3640.975872 5.182440e-05
10784 3594.171420 5.258462e-05
10816 3663.149982 5.228268e-05
10848 3670.104009 5.265246e-05
10880 3718.873503 5.202974e-05
10912 3682.225611 5.230704e-05
10944 3747.638708 5.187353e-05
10976 3760.989682 5.204104e-05
11008 3748.292566 5.132722e-05
11040 3725.661206 5.311122e-05
11072 3731.218824 5.333176e-05
11104 3745.778300 5.311288e-05
11136 3748.255445 5.191761e-05
11168 3622.600038 5.282012e-05
11200 3535.173278 5.670335e-05
11232 3780.640536 5.816805e-05
11264 3830.918024 5.626647e-05
11296 3244.921625 5.676958e-05
11328 3238.511296 5.798458e-05
11360 3231.407910 5.740449e-05
11392 3217.525714 5.707892e-05
11424 3221.297409 5.695816e-05
11456 3256.246897 5.771510e-05
11488 3089.789109 5.635462e-05
11520 3041.660448 5.673430e-05
11552 3212.073703 5.707771e-05
11584 3053.856642 5.660509e-05
11616 2988.592048 5.665867e-05
11648 3143.432076 5.643576e-05
11680 3082.809007 5.740036e-05
11712 3168.667809 5.706095e-05
11744 3251.507387 5.731231e-05
11776 3246.070046 5.656317e-05
11808 3329.801392 5.742353e-05
11840 3048.518351 5.734446e-05
11872 3144.808887 5.726039e-05
11904 2953.842433 5.730621e-05
11936 3151.126093 5.765673e-05
11968 3111.231489 5.755136e-05
12000 3353.436870 5.703599e-05
12032 2948.773044 5.725321e-05
12064 3375.893261 5.752676e-05
12096 3412.602081 5.674145e-05
12128 3208.032279 5.708043e-05
12160 3430.150937 5.821149e-05
12192 3208.504303 5.685106e-05
12224 3232.812911 5.674344e-05
12256 3241.657555 5.658663e-05
12288 3320.619129 5.689733e-05
12320 3057.589662 5.621111e-05
12352 3298.231104 5.805919e-05
12384 3309.809332 5.691932e-05
12416 3370.785891 5.661258e-05
12448 3491.347140 5.730526e-05
12480 3468.944570 5.568333e-05
12512 3510.079625 5.569133e-05
12544 3450.908647 5.574009e-05
12576 3536.941636 5.571629e-05
12608 3443.027996 5.571489e-05
12640 3549.231836 5.570875e-05
12672 3565.385429 5.570088e-05
12704 3468.402770 5.575139e-05
12736 3554.664503 5.571195e-05
12768 3578.038140 5.575478e-05
12800 3596.840210 5.571985e-05
12832 3588.383636 5.571989e-05
12864 3607.408500 5.572872e-05
12896 3600.904379 5.572407e-05
12928 3619.923059 5.574079e-05
12960 3636.348989 5.569068e-05
12992 3103.958713 5.571441e-05
13024 3158.216225 5.572165e-05
13056 3426.861013 5.572978e-05
13088 3177.558847 5.568028e-05
13120 3493.297615 5.571475e-05
13152 3347.320082 5.574988e-05
13184 3510.931513 5.567306e-05
13216 3462.703873 5.571905e-05
13248 3561.239743 5.570405e-05
13280 3213.403393 5.571508e-05
13312 3480.124685 5.570394e-05
13344 3500.742785 5.573484e-05
13376 3579.460366 5.569080e-05
13408 3449.192027 5.572004e-05
13440 3231.070713 5.568695e-05
13472 3762.828363 5.568417e-05
13504 3768.926394 5.576114e-05
13536 3766.158032 5.570213e-05
13568 3617.260321 5.567446e-05
13600 3806.352053 5.570252e-05
13632 3456.015862 5.572528e-05
13664 3210.122725 5.566758e-05
13696 3630.319182 5.569047e-05
13728 3780.805397 5.566183e-05
13760 3644.256024 5.570131e-05
13792 3825.570396 5.572940e-05
13824 3655.054029 5.568642e-05
13856 3672.703713 5.564999e-05
13888 3850.418787 5.565605e-05
13920 3736.401306 5.569491e-05
13952 3858.838901 5.569419e-05
13984 3727.881452 5.576100e-05
14016 3573.368087 5.572491e-05
14048 3730.173997 5.567515e-05
14080 3889.618408 5.571658e-05
14112 3420.136995 5.564827e-05
14144 3401.365531 5.573999e-05
14176 3427.157551 5.564617e-05
14208 3421.175435 5.565586e-05
14240 3423.214862 5.573185e-05
14272 3427.422207 5.564157e-05
14304 3444.899793 5.576433e-05
14336 3416.652780 5.576421e-05
14368 3449.644847 5.579729e-05
14400 3445.178429 5.580082e-05
14432 3227.649735 5.582000e-05
14464 3482.998666 5.576845e-05
14496 3462.429797 5.571484e-05
14528 3478.977392 5.573362e-05
14560 3481.812379 5.577454e-05
14592 3514.814518 5.578747e-05
14624 3470.981909 5.574146e-05
14656 3362.079399 5.578992e-05
14688 3499.467213 5.579661e-05
14720 3499.307728 5.578215e-05
14752 3510.310526 5.570791e-05
14784 3533.168792 5.577462e-05
14816 3245.459888 5.580495e-05
14848 3545.378584 5.577309e-05
14880 3546.486447 5.583054e-05
14912 2953.645428 5.579101e-05
14944 3207.839847 5.576228e-05
14976 3575.066826 5.577617e-05
15008 3140.695728 5.577206e-05
15040 3603.704134 5.577332e-05
15072 3594.827608 5.576776e-05
15104 3159.926311 5.576681e-05
15136 3375.527224 5.573163e-05
15168 3212.043376 5.581280e-05
15200 3009.741883 5.570772e-05
15232 3369.466591 5.577443e-05
15264 3231.483510 5.580245e-05
15296 3669.706639 5.585223e-05
15328 3125.523803 5.580920e-05
15360 3209.478707 5.583155e-05
15392 3384.303554 5.586981e-05
15424 3531.415129 5.589484e-05
15456 3690.126247 5.585409e-05
15488 3700.285498 5.585674e-05
15520 3717.274350 5.586809e-05
15552 3723.783457 5.583793e-05
15584 3688.660657 5.587571e-05
15616 3551.081346 5.587882e-05
15648 3735.320795 5.586835e-05
15680 3755.236515 5.583182e-05
15712 3753.965076 5.587325e-05
15744 3603.631624 5.583087e-05
15776 3768.233022 5.582448e-05
15808 3765.117454 5.581797e-05
15840 3788.646790 5.584442e-05
15872 3784.997846 5.587052e-05
15904 3809.074358 5.583755e-05
15936 3792.575246 5.583100e-05
15968 3809.491160 5.582838e-05
16000 3811.997045 5.584455e-05
16032 3838.459121 5.589843e-05
16064 3824.086806 5.587842e-05
16096 3846.795151 5.581091e-05
16128 3841.186075 6.172017e-05
16160 3822.641576 6.175265e-05
16192 3849.853555 6.176820e-05
16224 3874.650381 6.175300e-05
16256 3880.225414 6.173570e-05
16288 3902.330089 6.177295e-05
16320 3893.677359 6.179868e-05
16352 3815.844854 6.164931e-05
16384 3925.591508 6.174848e-05
