2048 1109.378698 2.145567e-05
2080 1793.015546 2.147182e-05
2112 1770.556234 2.147325e-05
2144 1407.702367 2.147790e-05
2176 1289.069189 2.148107e-05
2208 1546.413094 2.148141e-05
2240 1873.472381 2.146764e-05
2272 1945.142307 2.150070e-05
2304 1998.249472 2.838634e-05
2336 1980.755238 2.839064e-05
2368 1964.975141 2.840012e-05
2400 2069.423348 2.841446e-05
2432 1842.509071 2.839800e-05
2464 1801.922494 2.841807e-05
2496 2165.517765 2.841271e-05
2528 2132.797603 2.841092e-05
2560 1667.222142 2.839667e-05
2592 1874.293403 2.836784e-05
2624 1900.438781 2.842172e-05
2656 2255.978804 2.833838e-05
2688 1684.827199 2.838575e-05
2720 2320.418771 2.840023e-05
2752 2341.443105 2.836788e-05
2784 2397.117964 2.840512e-05
2816 2266.553980 2.844164e-05
2848 1719.651354 2.840900e-05
2880 1724.318700 2.840041e-05
2912 1760.500499 2.841142e-05
2944 1430.122081 2.840537e-05
2976 1780.434698 2.841895e-05
3008 1781.705682 2.839098e-05
3040 1444.894733 2.844412e-05
3072 1843.461100 2.837044e-05
3104 1866.574932 2.842489e-05
3136 1895.382351 2.838329e-05
3168 1902.873375 2.838790e-05
3200 1774.967940 2.839139e-05
3232 1932.596838 2.846701e-05
3264 1970.052849 2.842896e-05
3296 2010.802844 2.837959e-05
3328 2003.561277 2.841309e-05
3360 1471.321008 2.841293e-05
3392 2040.960634 2.841180e-05
3424 2050.740675 2.843281e-05
3456 1912.267244 2.845829e-05
3488 1933.179612 2.841865e-05
3520 2115.210882 2.845504e-05
3552 1817.697191 2.842680e-05
3584 2026.099726 2.842255e-05
3616 2181.058541 2.847569e-05
3648 2181.131611 2.843483e-05
3680 2216.788509 2.842254e-05
3712 2223.249277 2.842740e-05
3744 2077.425581 2.840832e-05
3776 2270.562559 2.844481e-05
3808 2286.394760 2.843891e-05
3840 1926.252702 2.842490e-05
3872 2331.753773 2.845940e-05
3904 2355.004426 2.844968e-05
3936 2369.927849 2.843966e-05
3968 2096.830798 2.843421e-05
4000 2389.851341 2.844217e-05
4032 2446.560680 2.839757e-05
4064 1816.002940 2.844867e-05
4096 2464.422614 2.842589e-05
4128 2314.371870 2.845709e-05
4160 2520.198482 2.842588e-05
4192 2520.634354 2.838136e-05
4224 2254.081631 2.840358e-05
4256 2563.791108 2.843685e-05
4288 2247.233172 2.848499e-05
4320 2411.624900 2.841979e-05
4352 2616.016963 2.843242e-05
4384 2609.459998 2.839790e-05
4416 2618.569143 2.845731e-05
4448 2026.575323 2.839933e-05
4480 2698.120481 2.846515e-05
4512 2566.978762 2.846368e-05
4544 2286.063895 2.840677e-05
4576 2752.005514 2.846541e-05
4608 2327.129565 2.839972e-05
4640 2791.396828 2.838501e-05
4672 2559.780186 2.841760e-05
4704 2478.405960 2.838451e-05
4736 2197.928223 2.836968e-05
4768 2712.634174 2.843526e-05
4800 2709.441986 2.840765e-05
4832 2303.807711 2.844071e-05
4864 2391.919436 2.841693e-05
4896 2420.354117 2.842275e-05
4928 2532.766955 2.841418e-05
4960 2680.796044 2.841497e-05
4992 2301.928814 2.844167e-05
5024 2530.211611 2.845148e-05
5056 2153.446791 2.842590e-05
5088 2635.052836 2.840277e-05
5120 3075.226153 2.841374e-05
5152 2702.517144 2.843149e-05
5184 2700.142961 2.839276e-05
5216 2834.382994 2.839503e-05
5248 3152.239138 2.842246e-05
5280 3192.138388 2.841166e-05
5312 2776.464034 2.835406e-05
5344 2512.173039 2.841445e-05
5376 2978.782132 2.836287e-05
5408 2632.082899 2.837786e-05
5440 2704.465286 2.833314e-05
5472 3138.823038 2.835039e-05
5504 3057.680676 2.839187e-05
5536 2862.815277 2.839848e-05
5568 3108.678557 2.856377e-05
5600 3013.895928 2.850818e-05
5632 3276.145459 2.854518e-05
5664 2169.870862 2.852331e-05
5696 2319.980770 2.853395e-05
5728 2508.289404 2.855363e-05
5760 2269.669688 2.855137e-05
5792 2300.393846 2.854182e-05
5824 2425.898333 2.855946e-05
5856 2390.340782 2.849842e-05
5888 2212.514327 2.854176e-05
5920 2286.586352 2.844480e-05
5952 2229.516334 2.845430e-05
5984 2260.642498 2.850878e-05
6016 2115.093207 2.853139e-05
6048 2338.407638 2.855365e-05
6080 2331.913330 2.849603e-05
6112 2499.214075 2.853820e-05
6144 2258.336766 2.852536e-05
6176 2355.803751 2.848937e-05
6208 2511.521524 2.847326e-05
6240 2235.832953 2.852961e-05
6272 2541.750669 2.850551e-05
6304 2490.766714 2.847937e-05
6336 2452.454958 2.854486e-05
6368 2436.076680 2.846414e-05
6400 2597.913566 2.854386e-05
6432 2512.182781 2.850066e-05
6464 2442.010817 2.850312e-05
6496 2478.469322 2.852050e-05
6528 2810.423932 2.852268e-05
6560 2728.956784 2.854346e-05
6592 2572.447906 2.851043e-05
6624 2668.761468 2.851817e-05
6656 2422.247857 2.793645e-05
6688 2813.207294 2.796192e-05
6720 2938.954128 2.793932e-05
6752 2784.234658 2.793120e-05
6784 2735.470149 2.794303e-05
6816 2834.990852 2.797590e-05
6848 2885.407673 2.797772e-05
6880 2797.023270 2.796018e-05
6912 3006.715056 2.797856e-05
6944 2645.153387 2.791136e-05
6976 2908.032076 2.789652e-05
7008 2404.419410 2.793172e-05
7040 2795.434811 2.789469e-05
7072 2774.742033 2.792790e-05
7104 2944.466521 5.116107e-05
7136 2720.554157 4.948000e-05
7168 2878.655621 5.064213e-05
7200 2941.133482 5.012895e-05
7232 3054.252801 4.976872e-05
7264 2977.696315 5.034492e-05
7296 2995.515289 4.948628e-05
7328 2639.124750 5.101972e-05
7360 2793.004690 4.999211e-05
7392 2699.903716 4.961911e-05
7424 2765.897800 5.032986e-05
7456 2731.962297 5.022059e-05
7488 2695.338890 4.895391e-05
7520 3299.646217 5.037438e-05
7552 3101.079458 5.021143e-05
7584 3098.066023 5.026330e-05
7616 3236.706343 5.052543e-05
7648 3080.185510 5.037100e-05
7680 3325.594421 4.920187e-05
7712 3178.977511 4.912295e-05
7744 3145.441410 5.026722e-05
7776 3209.516486 4.936607e-05
7808 3213.618763 4.714782e-05
7840 3310.530133 4.749041e-05
7872 3271.155091 4.771409e-05
7904 3344.045135 4.740593e-05
7936 3253.070534 4.712008e-05
7968 3463.069267 4.875534e-05
8000 3287.480855 4.729920e-05
8032 3318.000990 4.694238e-05
8064 3280.642895 4.891748e-05
8096 3308.006696 4.821345e-05
8128 3302.166563 4.845817e-05
8160 3352.291308 4.820986e-05
8192 3366.460920 4.746775e-05
8224 3496.943027 4.905633e-05
8256 3442.492836 4.739473e-05
8288 3191.682246 4.937094e-05
8320 3536.803042 4.900271e-05
8352 3447.339452 4.719989e-05
8384 3621.114751 4.896474e-05
8416 3444.543086 4.788392e-05
8448 3567.952196 4.781515e-05
8480 2800.868875 4.915525e-05
8512 2891.481503 4.844070e-05
8544 2857.868063 4.940850e-05
8576 2827.081696 4.703985e-05
8608 2770.010972 4.804946e-05
8640 2809.488771 4.709260e-05
8672 2594.817603 4.914020e-05
8704 2711.282734 4.719499e-05
8736 2770.010892 4.895490e-05
8768 2774.213462 4.883541e-05
8800 2903.850989 4.776835e-05
8832 2979.478049 4.989752e-05
8864 2878.959127 4.739007e-05
8896 2632.213550 4.854997e-05
8928 2928.982259 4.703910e-05
8960 2958.356406 4.897049e-05
8992 2968.724545 4.745780e-05
9024 2963.253699 4.733775e-05
9056 2850.266282 4.775553e-05
9088 2972.994830 4.791007e-05
9120 3096.414394 4.848279e-05
9152 3099.103066 4.674785e-05
9184 3000.807840 4.957957e-05
9216 2978.290838 4.744139e-05
9248 3078.158963 4.738849e-05
9280 2967.134241 5.244933e-05
9312 2964.312368 5.163120e-05
9344 3103.441454 5.233081e-05
9376 3142.660165 5.282281e-05
9408 3000.756893 5.215051e-05
9440 3112.651021 5.195297e-05
9472 2984.353569 5.119215e-05
9504 3157.089356 5.277872e-05
9536 3149.348059 5.217394e-05
9568 3149.680926 5.192546e-05
9600 3156.576360 5.199449e-05
9632 2893.312924 5.374154e-05
9664 3195.291814 5.280193e-05
9696 3084.058529 5.285026e-05
9728 3009.160470 5.314148e-05
9760 3171.721620 5.244151e-05
9792 3255.540190 5.246651e-05
9824 3190.593883 5.335801e-05
9856 3192.604869 5.220018e-05
9888 3256.984650 5.348811e-05
9920 3329.288093 5.245004e-05
9952 3092.349400 5.189865e-05
9984 3329.926085 5.187254e-05
10016 3315.923213 5.170267e-05
10048 2812.318066 5.321920e-05
10080 3286.578685 5.301987e-05
10112 3300.788759 5.307792e-05
10144 2870.321316 5.194063e-05
10176 3322.899558 5.184307e-05
10208 3253.891230 5.277666e-05
10240 3376.087509 5.211880e-05
10272 3290.580203 5.263110e-05
10304 3107.018413 5.192963e-05
10336 3446.503516 5.238982e-05
10368 3453.879060 5.198008e-05
10400 3468.929456 5.213591e-05
10432 3238.278381 5.318863e-05
10464 3450.628681 5.226812e-05
10496 3089.548879 5.180363e-05
10528 3468.278110 5.279334e-05
10560 3395.693402 5.277932e-05
10592 3485.007561 5.319747e-05
10624 3282.444648 5.319122e-05
10656 3461.225498 5.269079e-05
10688 3365.369431 5.231624e-05
10720 3576.027829 5.151241e-05
10752 3361.866753 5.182440e-05
10784 3315.769102 5.258462e-05
10816 3481.193641 5.228268e-05
10848 3440.794260 5.265246e-05
10880 3402.046938 5.202974e-05
10912 3457.657011 5.230704e-05
10944 3237.288087 5.187353e-05
10976 3438.785085 5.204104e-05
11008 3452.449467 5.132722e-05
11040 3559.121483 5.311122e-05
11072 3496.273365 5.333176e-05
11104 3104.157966 5.311288e-05
11136 3539.154362 5.191761e-05
11168 3588.921439 5.282012e-05
11200 3750.197616 5.670335e-05
11232 3496.044515 5.816805e-05
11264 3663.712452 5.626647e-05
11296 2817.101929 5.676958e-05
11328 2950.853552 5.798458e-05
11360 2879.407589 5.740449e-05
11392 2775.308633 5.707892e-05
11424 3040.943298 5.695816e-05
11456 3057.001709 5.771510e-05
11488 2714.811779 5.635462e-05
11520 3009.653845 5.673430e-05
11552 3042.680227 5.707771e-05
11584 2869.496647 5.660509e-05
11616 3001.638497 5.665867e-05
11648 2924.940824 5.643576e-05
11680 2974.234800 5.740036e-05
11712 3103.969362 5.706095e-05
11744 3114.878489 5.731231e-05
11776 3034.347643 5.656317e-05
11808 3032.062142 5.742353e-05
11840 3209.975138 5.734446e-05
11872 3095.845439 5.726039e-05
11904 3031.470420 5.730621e-05
11936 3158.022318 5.765673e-05
11968 3196.876902 5.755136e-05
12000 3196.549205 5.703599e-05
12032 3113.320655 5.725321e-05
12064 3161.449431 5.752676e-05
12096 3044.948815 5.674145e-05
12128 3186.660552 5.708043e-05
12160 3165.245214 5.821149e-05
12192 3212.616357 5.685106e-05
12224 3236.022891 5.674344e-05
12256 3210.567394 5.658663e-05
12288 3194.359847 5.689733e-05
12320 3268.013132 5.621111e-05
12352 3269.219476 5.805919e-05
12384 3265.115943 5.691932e-05
12416 3334.988356 5.661258e-05
12448 3278.087879 5.730526e-05
12480 3344.752793 5.568333e-05
12512 3406.197964 5.569133e-05
12544 3288.441886 5.574009e-05
12576 3369.337321 5.571629e-05
12608 3307.904231 5.571489e-05
12640 3409.579604 5.570875e-05
12672 3358.856319 5.570088e-05
12704 3358.641094 5.575139e-05
12736 3296.159506 5.571195e-05
12768 3376.629222 5.575478e-05
12800 3393.489953 5.571985e-05
12832 3384.870235 5.571989e-05
12864 3381.439918 5.572872e-05
12896 3224.936418 5.572407e-05
12928 3350.998389 5.574079e-05
12960 3447.644782 5.569068e-05
12992 3469.872624 5.571441e-05
13024 3268.215699 5.572165e-05
13056 3527.973683 5.572978e-05
13088 3428.552792 5.568028e-05
13120 3535.249204 5.571475e-05
13152 3552.047083 5.574988e-05
13184 3569.890794 5.567306e-05
13216 3478.788588 5.571905e-05
13248 3525.207774 5.570405e-05
13280 3495.093738 5.571508e-05
13312 3464.340722 5.570394e-05
13344 3485.098013 5.573484e-05
13376 3459.753615 5.569080e-05
13408 3600.482566 5.572004e-05
13440 3655.033586 5.568695e-05
13472 3545.449161 5.568417e-05
13504 3583.495505 5.576114e-05
13536 3670.970791 5.570213e-05
13568 3641.295491 5.567446e-05
13600 3638.473224 5.570252e-05
13632 3634.070070 5.572528e-05
13664 3570.497576 5.566758e-05
13696 3704.790640 5.569047e-05
13728 3584.244926 5.566183e-05
13760 3581.589688 5.570131e-05
13792 3663.747667 5.572940e-05
13824 3654.861726 5.568642e-05
13856 3626.539390 5.564999e-05
13888 3557.592538 5.565605e-05
13920 3715.639627 5.569491e-05
13952 3675.204499 5.569419e-05
13984 3590.810679 5.576100e-05
14016 3774.234165 5.572491e-05
14048 3763.573283 5.567515e-05
14080 3634.304918 5.571658e-05
14112 3211.543536 5.564827e-05
14144 3249.720467 5.573999e-05
14176 3203.910141 5.564617e-05
14208 3238.513217 5.565586e-05
14240 3164.269059 5.573185e-05
14272 3279.429813 5.564157e-05
14304 3192.273370 5.576433e-05
14336 3109.614800 5.576421e-05
14368 3260.492263 5.579729e-05
14400 3242.208999 5.580082e-05
14432 3270.138173 5.582000e-05
14464 3232.607963 5.576845e-05
14496 3237.035603 5.571484e-05
14528 3119.159588 5.573362e-05
14560 3293.143395 5.577454e-05
14592 3294.961967 5.578747e-05
14624 3178.826476 5.574146e-05
14656 3224.026910 5.578992e-05
14688 3245.431839 5.579661e-05
14720 3287.997228 5.578215e-05
14752 3341.238770 5.570791e-05
14784 3339.123672 5.577462e-05
14816 3371.622020 5.580495e-05
14848 3372.647998 5.577309e-05
14880 3237.725527 5.583054e-05
14912 3371.109384 5.579101e-05
14944 3174.403652 5.576228e-05
14976 3379.421317 5.577617e-05
15008 3412.803634 5.577206e-05
15040 3288.371015 5.577332e-05
15072 3224.364940 5.576776e-05
15104 3434.193613 5.576681e-05
15136 3437.010207 5.573163e-05
15168 3402.795435 5.581280e-05
15200 3429.463240 5.570772e-05
15232 3440.109849 5.577443e-05
15264 3490.888976 5.580245e-05
15296 3477.684780 5.585223e-05
15328 3507.613725 5.580920e-05
15360 3424.418862 5.583155e-05
15392 3420.310597 5.586981e-05
15424 3488.472823 5.589484e-05
15456 3531.422255 5.585409e-05
15488 3551.130805 5.585674e-05
15520 3484.214336 5.586809e-05
15552 3235.421908 5.583793e-05
15584 3517.301629 5.587571e-05
15616 3488.687958 5.587882e-05
15648 3603.324842 5.586835e-05
15680 3201.659377 5.583182e-05
15712 3616.689468 5.587325e-05
15744 3447.841971 5.583087e-05
15776 3567.814066 5.582448e-05
15808 3490.622853 5.581797e-05
15840 3490.521598 5.584442e-05
15872 3623.402676 5.587052e-05
15904 3593.772881 5.583755e-05
15936 3519.832717 5.583100e-05
15968 3547.222333 5.582838e-05
16000 3662.116078 5.584455e-05
16032 3624.792210 5.589843e-05
16064 3603.241052 5.587842e-05
16096 3543.148192 5.581091e-05
16128 3606.763310 6.172017e-05
16160 3655.923433 6.175265e-05
16192 3576.314412 6.176820e-05
16224 3733.992272 6.175300e-05
16256 3638.946466 6.173570e-05
16288 3692.264641 6.177295e-05
16320 3763.608377 6.179868e-05
16352 3653.343361 6.164931e-05
16384 3746.691158 6.174848e-05
